0 7
-0.04011965 -1.592814
0.01841402 -1.58403
0.08584833 -1.573482
0.1616116 -1.561303
0.2451296 -1.547624
0.3358335 -1.532576
0.4331474 -1.516292
0.5365014 -1.498902
0.6453223 -1.480539
0.759037 -1.461334
0.8770742 -1.441418
0.9988618 -1.420923
1.123826 -1.399981
1.251396 -1.378724
1.380999 -1.357281
1.512062 -1.335787
1.644012 -1.314371
1.776279 -1.293166
1.908289 -1.272303
2.039471 -1.251914
2.169251 -1.232129
2.297057 -1.213082
2.422318 -1.194903
2.544461 -1.177724
2.662912 -1.161677
2.777101 -1.146892
2.886454 -1.133502
2.9904 -1.121639
3.088366 -1.111433
3.17978 -1.103017
3.264068 -1.096522
3.34066 -1.092079
3.408983 -1.08982
3.47058 -1.089561
3.527512 -1.090978
3.579978 -1.093991
3.628177 -1.098521
3.672309 -1.104491
3.712574 -1.111819
3.74917 -1.120428
3.782299 -1.130239
3.812158 -1.141173
3.838948 -1.153151
3.862868 -1.166093
3.884118 -1.179921
3.902897 -1.194556
3.919406 -1.20992
3.933843 -1.225932
3.946408 -1.242515
3.9573 -1.259589
3.966719 -1.277075
3.974865 -1.294894
3.981938 -1.312968
3.988136 -1.331217
3.993659 -1.349563
3.998708 -1.367926
4.003481 -1.386227
4.008178 -1.404389
4.012998 -1.422331
4.018141 -1.439975
4.023808 -1.457242
4.030195 -1.474052
4.037506 -1.490328
4.045937 -1.505989
4.055689 -1.520958
4.065739 -1.535657
4.074948 -1.550553
4.08334 -1.565634
4.090939 -1.580885
4.097768 -1.596294
4.103853 -1.611848
4.109218 -1.627534
4.113885 -1.643338
4.11788 -1.659247
4.121227 -1.675249
4.12395 -1.691329
4.126072 -1.707476
4.127618 -1.723674
4.128613 -1.739913
4.129079 -1.756177
4.129043 -1.772455
4.128526 -1.788733
4.127554 -1.804997
4.126151 -1.821236
4.124341 -1.837434
4.122148 -1.853581
4.119596 -1.869661
4.116709 -1.885662
4.113511 -1.901572
4.110027 -1.917376
4.106281 -1.933062
4.102296 -1.948616
4.098097 -1.964025
4.093708 -1.979276
4.089153 -1.994357
4.084456 -2.009253
4.079641 -2.023952
4.074748 -2.038875
4.069779 -2.054407
4.064707 -2.070476
4.059502 -2.087013
4.054137 -2.103948
4.048582 -2.121211
4.042809 -2.13873
4.03679 -2.156437
4.030496 -2.174261
4.023898 -2.192131
4.016969 -2.209978
4.00968 -2.227732
4.002001 -2.245322
3.993906 -2.262678
3.985364 -2.27973
3.976348 -2.296407
3.966829 -2.31264
3.956779 -2.328359
3.946168 -2.343493
3.934969 -2.357971
3.923154 -2.371725
3.910693 -2.384684
3.897558 -2.396777
3.88372 -2.407934
3.869152 -2.418085
3.853824 -2.427161
3.837708 -2.43509
3.820776 -2.441804
3.802998 -2.44723
3.784348 -2.4513
3.764795 -2.453943
3.744311 -2.45509
3.723547 -2.454363
3.703103 -2.451525
3.682878 -2.44671
3.662771 -2.440049
3.642682 -2.431679
3.62251 -2.421732
3.602153 -2.410342
3.581512 -2.397642
3.560484 -2.383767
3.53897 -2.368851
3.516868 -2.353027
3.494077 -2.336428
3.470497 -2.31919
3.446027 -2.301445
3.420565 -2.283327
3.394012 -2.26497
3.366265 -2.246508
3.337225 -2.228074
3.30679 -2.209802
3.27486 -2.191827
3.241333 -2.174281
3.206108 -2.1573
3.169086 -2.141015
3.130165 -2.125561
3.089243 -2.111073
3.046221 -2.097682
3.000997 -2.085525
2.953471 -2.074733
2.903542 -2.065442
2.851107 -2.057784
2.796068 -2.051893
2.738323 -2.047904
2.67407 -2.04556
2.603696 -2.044651
2.527658 -2.045094
2.446415 -2.046804
2.360425 -2.049697
2.270147 -2.053688
2.176038 -2.058693
2.078557 -2.064627
1.978163 -2.071407
1.875313 -2.078947
1.770466 -2.087163
1.66408 -2.095971
1.556614 -2.105286
1.448525 -2.115024
1.340272 -2.125101
1.232314 -2.135431
1.125108 -2.145932
1.019113 -2.156517
0.9147868 -2.167104
0.8125887 -2.177606
0.7129755 -2.187941
0.6164064 -2.198023
0.5233393 -2.207768
0.4342332 -2.217093
0.3495464 -2.225911
0.2697353 -2.234139
0.1952605 -2.241693
0.1265798 -2.248487
0.06415033 -2.254439
0.008430481 -2.259462
-0.04011965 -2.263473
